function [wl_S2] = GetS2bands()

wl_S2 = [492,559,665,704,739,782,864,1610,2185];


end